
data <- c(160, 167, 160, 163, 165, 165, 165, 165, 165, 165, 168, 168, 180,
180, 180, 180, 182, 182, 182, 183, 183, 183, 183, 183, 183, 183,
185, 185, 187, 187, 187, 187, 187, 187, 187, 187, 188, 188, 188,
188, 182, 182, 183, 183, 185, 187, 187, 187, 188, 188, 188, 200,
200, 200, 200, 202, 202, 202, 203, 203, 207, 208, 208, 200, 200,
200, 203, 205, 207, 207, 208, 220, 220, 220, 222, 223, 223, 225,
225, 227, 228, 220, 222, 223, 225, 227, 228, 240, 240, 242, 242,
248, 262, 263, 280, 288, 280, 307, 322, 323, 323, 327, 342, 345,
340, 340, 347, 347, 360, 360, 360, 360, 368, 362, 363, 365, 367,
367, 382, 383, 383, 383, 383, 383, 385, 385, 388, 382, 382, 382,
385, 385, 387, 387, 400, 400, 400, 400, 400, 400, 403, 403, 405,
407, 407, 408, 408, 408, 408, 408, 400, 400, 402, 402, 403, 403,
405, 405, 405, 405, 407, 407, 407, 407, 408, 420, 423, 423, 423,
425, 425, 425, 425, 427, 427, 428, 428, 420, 420, 422, 423, 423,
423, 423, 423, 425, 425, 425, 425, 427, 427, 427, 427, 428, 440,
442, 442, 442, 442, 443, 443, 445, 445, 445, 447, 447, 448, 440,
440, 440, 440, 440, 440, 440, 440, 442, 443, 443, 443, 443, 443,
445, 447, 447, 447, 448, 448, 448, 448, 460, 460, 460, 460, 462,
463, 463, 463, 465, 467, 467, 460, 460, 460, 460, 460, 460, 462,
463, 465, 467, 468, 480, 480, 480, 480, 480, 480, 482, 482, 483,
483, 485, 488, 480, 480, 483, 483, 483, 500, 503, 507, 500);